@y-down
{
	33.9780006409, 67.6669998169;
		m(35.7879981995, 82.4970016479; 48.438999176, 94);
	63.7560005188, 94;
		m(79.0719985962, 94; 91.7229995728, 82.4970016479);
	93.5329971313, 67.6669998169;
		y;
	119, 67.6669998169;
		c;
	119, 60.3330001831;
		m;
	93.5329971313, 60.3330001831;
		y(91.8789978027, 46.7859992981; 81.1800003052, 36.0159988403);
	67.6669998169, 34.2529983521;
		c;
	67.6669998169, 9;
		m;
	60.3330001831, 9;
		y;
	60.3330001831, 34.1930007935;
		c(46.5900001526, 35.7569999695; 35.6520004272, 46.6230010986);
	33.9780006409, 60.3330001831;
		m;
	9, 60.3330001831;
		y;
	9, 67.6669998169;
		c;
	#
}
{
	88.7559967041, 64;
		m(88.7559967041, 77.797996521; 77.5530014038, 89);
	63.7560005188, 89;
		m(49.9580001831, 89; 38.7560005188, 77.797996521);
	38.7560005188, 64;
		m(38.7560005188, 50.2019996643; 49.9580001831, 39);
	63.7560005188, 39;
		m(77.5530014038, 39; 88.7559967041, 50.2019996643);
	#
}
{
	67.6669998169, 64;
		y(67.6669998169, 61.9760017395; 66.0240020752, 60.3330001831);
	64, 60.3330001831;
		y(61.9760017395, 60.3330001831; 60.3330001831, 61.9760017395);
	60.3330001831, 64;
		y(60.3330001831, 66.0240020752; 61.9760017395, 67.6669998169);
	64, 67.6669998169;
		y(66.0240020752, 67.6669998169; 67.6669998169, 66.0240020752);
	#
}
